0111 011000000000001100000001000111011101111001000000011000100001100100011000011001100001001100000011001000100000000000010001011001000100010011010101011100011100110010010010111000100111110100100000110
1000 010011010001101001110110000110110101000101111110101001011110000111100001011001111010001011010111000010000110010110001111111101111011101001100110010110111011001000100111101000000100000000011101000
1000 010011010001101001110110000110110101000101111110101001011110000111100001011001111010001011010111000010000110010110001111111101111011101001100110010110111011001000100111101000000100000000011101000
0100 010100000010000001011111110001010101111100000110110100001110110111110011011001101011000100011111011001101001010110101110111001111011011100100110010010111101100011000000101111010100100011101010110
1101 000011001001111101010000011100101001011000100001001000011101111000000110111010000100111110001110101000100010000000010001011001000100010011010110101001101110000110010000111011010011011100010011001
0110 100101000011100010111110000100001010000010100111100100101111010011110001011101000010011110110101110011010000011000010001011001001011101100001010100010001101010000001010101111001001001000111011000
0111 011000000000001100000001000111011101111001000000011000100001100100011000011001100001001100000011001000100000000000010001011001000100010011010101011100011100110010010010111000100111110100100000110
0001 000111001111011010110111000001001001100110111110110011001111100011110100011000111110100001010010011010000011100000001110100110111011101100010000000000100110111101000110100000100101110010011010000
1011 011010000011110001100101001001011100110001111001100110010000010000110001011111110001100001010010011110111100100000010001011001000100010011010101011001010010010100110110011100010101000010010000000
1000 010011010001101001110110000110110101000101111110101001011110000111100001011001111010001011010111000010000110010110001111111101111011101001100110010110111011001000100111101000000100000000011101000
1001 010001101110000010010001111010110110100011001010110101101100000110111011001110000110111000110001011000111000101000010001011001000101101100101001101100010010010001000110111011011000101000010011000
0110 100101000011100010111110000100001010000010100111100100101111010011110001011101000010011110110101110011010000011000010001011001001011101100001010100010001101010000001010101111001001001000111011000
1001 010001101110000010010001111010110110100011001010110101101100000110111011001110000110111000110001011000111000101000010001011001000101101100101001101100010010010001000110111011011000101000010011000
0010 100111000110011101100000100000100101100100001110101110110110011001000110011100111011111001010110100100000010110111101110111001010111100100101001010011011000011000001110001111010000101000101101000
1111 010100111010001100011000000010100110110010001111111100100010111011101001100111101000010111111000001011111110001000010001011001000100010011010101011011001110000111010001111001000010000000110000000
1110 011011000100101111000000111111110101000001110000101101010011101100010100100000010001000001011010001010011101100000010001000110111010011100101010101000011001000001011011100110001100001001100000000
0000 110111101100011011110111111111010101010011111111010101011101111011101000100100000110101011110101100111011111101011111110100100010000001100011111110110101110111011010010100101011011111000111100110
1111 010100111010001100011000000010100110110010001111111100100010111011101001100111101000010111111000001011111110001000010001011001000100010011010101011011001110000111010001111001000010000000110000000
1100 001100001101000001100001001101000000010001001001111011110111100100011100000000000010010001011101011001100010011001101110110110111010100010011101010010101101001011001001001101001001010100111011000
0001 000111001111011010110111000001001001100110111110110011001111100011110100011000111110100001010010011010000011100000001110100110111011101100010000000000100110111101000110100000100101110010011010000
1010 101111100010000110001011000110011000111000110010100001011110011110110001011010000000100011010011010101010100111000110000111010111010010011001010100011100010010011101111000100100111101001001000000
1101 000011001001111101010000011100101001011000100001001000011101111000000110111010000100111110001110101000100010000000010001011001000100010011010110101001101110000110010000111011010011011100010011001
1100 001100001101000001100001001101000000010001001001111011110111100100011100000000000010010001011101011001100010011001101110110110111010100010011101010010101101001011001001001101001001010100111011000
1011 011010000011110001100101001001011100110001111001100110010000010000110001011111110001100001010010011110111100100000010001011001000100010011010101011001010010010100110110011100010101000010010000000
0000 110111101100011011110111111111010101010011111111010101011101111011101000100100000110101011110101100111011111101011111110100100010000001100011111110110101110111011010010100101011011111000111100110
0010 100111000110011101100000100000100101100100001110101110110110011001000110011100111011111001010110100100000010110111101110111001010111100100101001010011011000011000001110001111010000101000101101000
1101 000011001001111101010000011100101001011000100001001000011101111000000110111010000100111110001110101000100010000000010001011001000100010011010110101001101110000110010000111011010011011100010011001
0100 010100000010000001011111110001010101111100000110110100001110110111110011011001101011000100011111011001101001010110101110111001111011011100100110010010111101100011000000101111010100100011101010110
0010 100111000110011101100000100000100101100100001110101110110110011001000110011100111011111001010110100100000010110111101110111001010111100100101001010011011000011000001110001111010000101000101101000
1010 101111100010000110001011000110011000111000110010100001011110011110110001011010000000100011010011010101010100111000110000111010111010010011001010100011100010010011101111000100100111101001001000000
1101 000011001001111101010000011100101001011000100001001000011101111000000110111010000100111110001110101000100010000000010001011001000100010011010110101001101110000110010000111011010011011100010011001
0101 101000111110110010100100111001110011001011110000100011111001011000000001011001010100111010001000101011111001001000010001011001000100010011101001100100111110110011000000001000001010000100000010000
0001 000111001111011010110111000001001001100110111110110011001111100011110100011000111110100001010010011010000011100000001110100110111011101100010000000000100110111101000110100000100101110010011010000
0110 100101000011100010111110000100001010000010100111100100101111010011110001011101000010011110110101110011010000011000010001011001001011101100001010100010001101010000001010101111001001001000111011000
0111 011000000000001100000001000111011101111001000000011000100001100100011000011001100001001100000011001000100000000000010001011001000100010011010101011100011100110010010010111000100111110100100000110
1000 010011010001101001110110000110110101000101111110101001011110000111100001011001111010001011010111000010000110010110001111111101111011101001100110010110111011001000100111101000000100000000011101000
1000 010011010001101001110110000110110101000101111110101001011110000111100001011001111010001011010111000010000110010110001111111101111011101001100110010110111011001000100111101000000100000000011101000
0100 010100000010000001011111110001010101111100000110110100001110110111110011011001101011000100011111011001101001010110101110111001111011011100100110010010111101100011000000101111010100100011101010110
1101 000011001001111101010000011100101001011000100001001000011101111000000110111010000100111110001110101000100010000000010001011001000100010011010110101001101110000110010000111011010011011100010011001
0110 100101000011100010111110000100001010000010100111100100101111010011110001011101000010011110110101110011010000011000010001011001001011101100001010100010001101010000001010101111001001001000111011000
0111 011000000000001100000001000111011101111001000000011000100001100100011000011001100001001100000011001000100000000000010001011001000100010011010101011100011100110010010010111000100111110100100000110
0001 000111001111011010110111000001001001100110111110110011001111100011110100011000111110100001010010011010000011100000001110100110111011101100010000000000100110111101000110100000100101110010011010000
1011 011010000011110001100101001001011100110001111001100110010000010000110001011111110001100001010010011110111100100000010001011001000100010011010101011001010010010100110110011100010101000010010000000
1000 010011010001101001110110000110110101000101111110101001011110000111100001011001111010001011010111000010000110010110001111111101111011101001100110010110111011001000100111101000000100000000011101000
1001 010001101110000010010001111010110110100011001010110101101100000110111011001110000110111000110001011000111000101000010001011001000101101100101001101100010010010001000110111011011000101000010011000
0110 100101000011100010111110000100001010000010100111100100101111010011110001011101000010011110110101110011010000011000010001011001001011101100001010100010001101010000001010101111001001001000111011000
1001 010001101110000010010001111010110110100011001010110101101100000110111011001110000110111000110001011000111000101000010001011001000101101100101001101100010010010001000110111011011000101000010011000
0010 100111000110011101100000100000100101100100001110101110110110011001000110011100111011111001010110100100000010110111101110111001010111100100101001010011011000011000001110001111010000101000101101000
1111 010100111010001100011000000010100110110010001111111100100010111011101001100111101000010111111000001011111110001000010001011001000100010011010101011011001110000111010001111001000010000000110000000
1110 011011000100101111000000111111110101000001110000101101010011101100010100100000010001000001011010001010011101100000010001000110111010011100101010101000011001000001011011100110001100001001100000000
0000 110111101100011011110111111111010101010011111111010101011101111011101000100100000110101011110101100111011111101011111110100100010000001100011111110110101110111011010010100101011011111000111100110
1111 010100111010001100011000000010100110110010001111111100100010111011101001100111101000010111111000001011111110001000010001011001000100010011010101011011001110000111010001111001000010000000110000000
1100 001100001101000001100001001101000000010001001001111011110111100100011100000000000010010001011101011001100010011001101110110110111010100010011101010010101101001011001001001101001001010100111011000
0001 000111001111011010110111000001001001100110111110110011001111100011110100011000111110100001010010011010000011100000001110100110111011101100010000000000100110111101000110100000100101110010011010000
1010 101111100010000110001011000110011000111000110010100001011110011110110001011010000000100011010011010101010100111000110000111010111010010011001010100011100010010011101111000100100111101001001000000
1101 000011001001111101010000011100101001011000100001001000011101111000000110111010000100111110001110101000100010000000010001011001000100010011010110101001101110000110010000111011010011011100010011001
1100 001100001101000001100001001101000000010001001001111011110111100100011100000000000010010001011101011001100010011001101110110110111010100010011101010010101101001011001001001101001001010100111011000
1011 011010000011110001100101001001011100110001111001100110010000010000110001011111110001100001010010011110111100100000010001011001000100010011010101011001010010010100110110011100010101000010010000000
0000 110111101100011011110111111111010101010011111111010101011101111011101000100100000110101011110101100111011111101011111110100100010000001100011111110110101110111011010010100101011011111000111100110
0010 100111000110011101100000100000100101100100001110101110110110011001000110011100111011111001010110100100000010110111101110111001010111100100101001010011011000011000001110001111010000101000101101000
1101 000011001001111101010000011100101001011000100001001000011101111000000110111010000100111110001110101000100010000000010001011001000100010011010110101001101110000110010000111011010011011100010011001
0100 010100000010000001011111110001010101111100000110110100001110110111110011011001101011000100011111011001101001010110101110111001111011011100100110010010111101100011000000101111010100100011101010110
0010 100111000110011101100000100000100101100100001110101110110110011001000110011100111011111001010110100100000010110111101110111001010111100100101001010011011000011000001110001111010000101000101101000
1010 101111100010000110001011000110011000111000110010100001011110011110110001011010000000100011010011010101010100111000110000111010111010010011001010100011100010010011101111000100100111101001001000000
1101 000011001001111101010000011100101001011000100001001000011101111000000110111010000100111110001110101000100010000000010001011001000100010011010110101001101110000110010000111011010011011100010011001
0101 101000111110110010100100111001110011001011110000100011111001011000000001011001010100111010001000101011111001001000010001011001000100010011101001100100111110110011000000001000001010000100000010000
0001 000111001111011010110111000001001001100110111110110011001111100011110100011000111110100001010010011010000011100000001110100110111011101100010000000000100110111101000110100000100101110010011010000
0110 100101000011100010111110000100001010000010100111100100101111010011110001011101000010011110110101110011010000011000010001011001001011101100001010100010001101010000001010101111001001001000111011000
0111 011000000000001100000001000111011101111001000000011000100001100100011000011001100001001100000011001000100000000000010001011001000100010011010101011100011100110010010010111000100111110100100000110
1000 010011010001101001110110000110110101000101111110101001011110000111100001011001111010001011010111000010000110010110001111111101111011101001100110010110111011001000100111101000000100000000011101000
1000 010011010001101001110110000110110101000101111110101001011110000111100001011001111010001011010111000010000110010110001111111101111011101001100110010110111011001000100111101000000100000000011101000
0100 010100000010000001011111110001010101111100000110110100001110110111110011011001101011000100011111011001101001010110101110111001111011011100100110010010111101100011000000101111010100100011101010110
1101 000011001001111101010000011100101001011000100001001000011101111000000110111010000100111110001110101000100010000000010001011001000100010011010110101001101110000110010000111011010011011100010011001
0110 100101000011100010111110000100001010000010100111100100101111010011110001011101000010011110110101110011010000011000010001011001001011101100001010100010001101010000001010101111001001001000111011000
0111 011000000000001100000001000111011101111001000000011000100001100100011000011001100001001100000011001000100000000000010001011001000100010011010101011100011100110010010010111000100111110100100000110
0001 000111001111011010110111000001001001100110111110110011001111100011110100011000111110100001010010011010000011100000001110100110111011101100010000000000100110111101000110100000100101110010011010000
1011 011010000011110001100101001001011100110001111001100110010000010000110001011111110001100001010010011110111100100000010001011001000100010011010101011001010010010100110110011100010101000010010000000
1000 010011010001101001110110000110110101000101111110101001011110000111100001011001111010001011010111000010000110010110001111111101111011101001100110010110111011001000100111101000000100000000011101000
1001 010001101110000010010001111010110110100011001010110101101100000110111011001110000110111000110001011000111000101000010001011001000101101100101001101100010010010001000110111011011000101000010011000
0110 100101000011100010111110000100001010000010100111100100101111010011110001011101000010011110110101110011010000011000010001011001001011101100001010100010001101010000001010101111001001001000111011000
1001 010001101110000010010001111010110110100011001010110101101100000110111011001110000110111000110001011000111000101000010001011001000101101100101001101100010010010001000110111011011000101000010011000
0010 100111000110011101100000100000100101100100001110101110110110011001000110011100111011111001010110100100000010110111101110111001010111100100101001010011011000011000001110001111010000101000101101000
1111 010100111010001100011000000010100110110010001111111100100010111011101001100111101000010111111000001011111110001000010001011001000100010011010101011011001110000111010001111001000010000000110000000
1110 011011000100101111000000111111110101000001110000101101010011101100010100100000010001000001011010001010011101100000010001000110111010011100101010101000011001000001011011100110001100001001100000000
0000 110111101100011011110111111111010101010011111111010101011101111011101000100100000110101011110101100111011111101011111110100100010000001100011111110110101110111011010010100101011011111000111100110
1111 010100111010001100011000000010100110110010001111111100100010111011101001100111101000010111111000001011111110001000010001011001000100010011010101011011001110000111010001111001000010000000110000000
1100 001100001101000001100001001101000000010001001001111011110111100100011100000000000010010001011101011001100010011001101110110110111010100010011101010010101101001011001001001101001001010100111011000
0001 000111001111011010110111000001001001100110111110110011001111100011110100011000111110100001010010011010000011100000001110100110111011101100010000000000100110111101000110100000100101110010011010000
1010 101111100010000110001011000110011000111000110010100001011110011110110001011010000000100011010011010101010100111000110000111010111010010011001010100011100010010011101111000100100111101001001000000
1101 000011001001111101010000011100101001011000100001001000011101111000000110111010000100111110001110101000100010000000010001011001000100010011010110101001101110000110010000111011010011011100010011001
1100 001100001101000001100001001101000000010001001001111011110111100100011100000000000010010001011101011001100010011001101110110110111010100010011101010010101101001011001001001101001001010100111011000
1011 011010000011110001100101001001011100110001111001100110010000010000110001011111110001100001010010011110111100100000010001011001000100010011010101011001010010010100110110011100010101000010010000000
0000 110111101100011011110111111111010101010011111111010101011101111011101000100100000110101011110101100111011111101011111110100100010000001100011111110110101110111011010010100101011011111000111100110
0010 100111000110011101100000100000100101100100001110101110110110011001000110011100111011111001010110100100000010110111101110111001010111100100101001010011011000011000001110001111010000101000101101000
1101 000011001001111101010000011100101001011000100001001000011101111000000110111010000100111110001110101000100010000000010001011001000100010011010110101001101110000110010000111011010011011100010011001
0100 010100000010000001011111110001010101111100000110110100001110110111110011011001101011000100011111011001101001010110101110111001111011011100100110010010111101100011000000101111010100100011101010110
0010 100111000110011101100000100000100101100100001110101110110110011001000110011100111011111001010110100100000010110111101110111001010111100100101001010011011000011000001110001111010000101000101101000
1010 101111100010000110001011000110011000111000110010100001011110011110110001011010000000100011010011010101010100111000110000111010111010010011001010100011100010010011101111000100100111101001001000000
1101 000011001001111101010000011100101001011000100001001000011101111000000110111010000100111110001110101000100010000000010001011001000100010011010110101001101110000110010000111011010011011100010011001
0101 101000111110110010100100111001110011001011110000100011111001011000000001011001010100111010001000101011111001001000010001011001000100010011101001100100111110110011000000001000001010000100000010000
0001 000111001111011010110111000001001001100110111110110011001111100011110100011000111110100001010010011010000011100000001110100110111011101100010000000000100110111101000110100000100101110010011010000
0110 100101000011100010111110000100001010000010100111100100101111010011110001011101000010011110110101110011010000011000010001011001001011101100001010100010001101010000001010101111001001001000111011000
